22.9
20.4
22.6
15.600000000000001
13.8
18.0
19.3
12.399999999999999
29.7
16.5
18.5
12.8
26.6
19.9
37.1
28.4
23.0
26.3
22.4
18.1
22.6
32.6
13.600000000000001
32.9
15.0
22.3
27.6
21.1
18.3
26.5
32.5
8.100000000000001
20.7
30.5
24.6
28.7
14.899999999999999
20.4
18.4
17.9
25.3
21.2
24.5
19.1
15.899999999999999
17.7
26.9
29.1
25.5
11.899999999999999
26.3
23.7
15.0
17.8
17.0
21.2
16.6
17.7
28.8
23.7
25.0
28.7
25.1
20.6
14.5
19.9
19.3
26.5
16.2
22.4
17.9
26.6
24.6
20.3
1.6000000000000014
6.799999999999997
7.0
8.200000000000003
1.2999999999999972
0.7999999999999972
3.5
4.200000000000003
8.600000000000001
2.5
2.0
3.0
0.7000000000000028
4.799999999999997
3.4000000000000057
2.9000000000000057
5.200000000000003
2.200000000000003
5.899999999999999
0.3999999999999986
2.299999999999997
1.2000000000000028
2.1000000000000014
2.8999999999999986
1.2999999999999972
3.799999999999997
1.0
0.4000000000000057
7.899999999999999
10.600000000000001
6.100000000000001
9.5
6.399999999999999
2.200000000000003
10.299999999999997
1.7999999999999972
0.29999999999999716
4.600000000000001
3.0
2.6000000000000014
11.399999999999999
3.299999999999997
6.200000000000003
2.3999999999999986
0.7000000000000028
2.200000000000003
5.5
0.8999999999999986
3.0
10.100000000000001
2.299999999999997
3.700000000000003
13.499999999999996
2.1000000000000014
5.700000000000003
2.1000000000000014
0.8999999999999986
2.6000000000000014
0.7000000000000028
2.1000000000000014
4.799999999999997
8.299999999999997
0.10000000000000142
9.100000000000001
7.0
1.8000000000000043
0.3999999999999986
0.5999999999999943
10.099999999999994
4.0
4.799999999999997
1.2000000000000028
1.0
2.299999999999997
1.6999999999999957
2.1000000000000014
4.399999999999999
8.100000000000001
4.200000000000003
1.7999999999999972
3.299999999999997
5.600000000000001
9.600000000000001
5.0
2.200000000000003
8.100000000000001
2.799999999999997
6.899999999999999
6.700000000000003
4.700000000000003
1.7999999999999972
2.299999999999997
1.8999999999999986
4.0
7.5
2.5
4.100000000000001
3.6000000000000014
0.5
2.200000000000003
4.0
6.299999999999997
7.0
6.899999999999999
0.7999999999999972
3.6000000000000014
1.1000000000000014
6.0
2.6000000000000014
10.299999999999997
6.600000000000001
1.2000000000000028
1.0
6.799999999999997
8.100000000000001
4.600000000000001
4.400000000000006
6.799999999999997
3.5
1.5999999999999943
7.899999999999999
5.399999999999999
2.200000000000003
3.200000000000003
1.7999999999999972
1.8999999999999986
2.200000000000003
3.5
2.4000000000000057
0.3999999999999986
4.700000000000003
6.5
1.0
8.399999999999999
8.899999999999999
12.5
7.300000000000004
10.100000000000001
0.6000000000000014
2.8999999999999986
2.1000000000000014
1.7999999999999972
3.5
2.5
1.8999999999999986
4.600000000000001
6.100000000000001
2.3999999999999986
3.6000000000000014
5.0
3.299999999999997
8.799999999999997
1.5
1.6000000000000014
1.5
1.7999999999999972
8.600000000000001
2.5999999999999943
9.700000000000003
0.7000000000000028
9.599999999999994
5.5
2.5
0.30000000000000426
7.799999999999997
4.900000000000006
3.3999999999999986
1.6999999999999957
3.3999999999999986
4.200000000000003
6.600000000000001
1.5
5.799999999999997
1.1999999999999957
1.0
2.0
8.100000000000001
7.399999999999999
6.099999999999994
0.29999999999999716
1.8999999999999986
3.3999999999999986
10.5
3.299999999999997
1.5
4.799999999999997
2.0999999999999943
1.1000000000000014
2.200000000000003
2.1000000000000014
5.899999999999999
1.7999999999999972
5.300000000000004
5.799999999999997
1.6000000000000014
4.600000000000001
5.399999999999999
6.5
3.8999999999999986
10.700000000000003
6.099999999999994
4.600000000000001
5.899999999999999
5.200000000000003
5.799999999999997
2.5999999999999943
1.0
5.899999999999999
2.299999999999997
7.899999999999999
0.7999999999999972
4.0
10.199999999999996
9.0
6.5
1.3999999999999986
1.8999999999999986
4.399999999999999
1.1000000000000014
5.100000000000001
2.3999999999999986
1.5999999999999943
1.5
7.200000000000003
3.5
5.600000000000001
6.200000000000003
1.5
2.0
4.100000000000001
2.700000000000003
0.3999999999999986
4.799999999999997
2.700000000000003
3.3999999999999986
1.3999999999999986
12.100000000000001
2.6000000000000014
1.8000000000000043
2.200000000000003
0.6000000000000014
2.200000000000003
10.3
2.1999999999999957
5.299999999999997
7.299999999999997
1.7999999999999972
7.5
9.399999999999999
2.6000000000000014
4.299999999999997
0.0
3.9000000000000057
5.099999999999994
6.400000000000006
6.100000000000001
4.699999999999996
3.5
9.399999999999999
3.5
5.299999999999997
0.6000000000000014
3.6000000000000014
5.5
4.200000000000003
0.10000000000000142
1.6000000000000014
1.7000000000000028
5.299999999999997
2.1999999999999957
2.299999999999997
0.8999999999999986
0.7000000000000028
9.700000000000003
9.5
4.199999999999996
4.600000000000001
0.19999999999999574
3.3999999999999986
7.299999999999997
1.5999999999999943
3.200000000000003
1.3999999999999986
1.1000000000000014
4.699999999999996
0.7999999999999972
3.3999999999999986
3.8999999999999986
4.399999999999999
0.5
4.799999999999997
9.100000000000001
6.100000000000001
7.899999999999999
11.399999999999999
8.399999999999999
11.899999999999999
7.100000000000001
6.0
0.6000000000000014
4.799999999999997
0.7000000000000028
2.5999999999999943
3.3999999999999986
0.5
2.0
1.0
2.0
6.099999999999994
3.0
0.29999999999999716
2.3999999999999986
1.5
1.2999999999999972
1.1999999999999957
1.2000000000000028
8.299999999999997
2.700000000000003
7.899999999999999
2.3000000000000043
3.1000000000000014
6.100000000000001
2.799999999999997
4.600000000000001
3.799999999999997
4.199999999999996
2.0
9.100000000000001
8.899999999999999
4.100000000000001
6.0
5.700000000000003
0.20000000000000284
7.399999999999999
3.3999999999999986
0.29999999999999716
4.099999999999994
4.700000000000003
6.299999999999997
0.8999999999999986
1.0
0.8999999999999986
4.100000000000001
3.8999999999999986
2.3999999999999986
5.5
5.299999999999997
2.200000000000003
5.899999999999999
6.700000000000003
5.200000000000003
1.6000000000000014
9.300000000000004
8.600000000000001
1.7999999999999972
1.7999999999999972
0.9000000000000057
4.899999999999999
4.100000000000001
2.6000000000000014
3.799999999999997
2.1999999999999957
1.3999999999999986
2.3999999999999986
5.200000000000003
6.700000000000003
7.100000000000001
3.299999999999997
1.0
5.100000000000001
5.100000000000001
0.7000000000000028
4.600000000000001
1.1000000000000014
7.399999999999999
1.6000000000000014
2.299999999999997
0.6000000000000014
0.5
11.700000000000003
1.2999999999999972
0.3999999999999986
10.299999999999997
2.0
1.7999999999999972
3.0
7.299999999999997
7.899999999999999
3.0
8.600000000000001
0.7000000000000028
4.100000000000001
2.0
2.0
5.299999999999997
2.700000000000003
7.200000000000003
0.09999999999999432
7.599999999999994
3.6000000000000014
1.3999999999999986
8.900000000000006
6.100000000000001
2.0
5.700000000000003
7.700000000000003
7.799999999999997
0.8999999999999986
6.699999999999996
3.0
1.3999999999999986
1.0
11.299999999999997
4.0
0.20000000000000284
7.400000000000006
9.399999999999999
4.700000000000003
1.6000000000000014
7.300000000000004
4.600000000000001
8.799999999999997
8.0
1.3999999999999986
4.399999999999999
2.0
2.6000000000000014
0.3999999999999986
0.5
1.6000000000000014
1.2000000000000028
0.10000000000000142
0.29999999999999716
4.0
1.2999999999999972
0.29999999999999716
4.299999999999997
5.200000000000003
0.8999999999999986
0.5
3.3000000000000043
5.5
9.799999999999997
3.8999999999999986
7.699999999999996
4.899999999999999
9.899999999999999
3.6000000000000014
3.3999999999999986
10.100000000000001
0.7999999999999972
6.799999999999997
0.0
1.2999999999999972
1.2999999999999972
2.6000000000000014
1.6000000000000014
2.8000000000000043
3.200000000000003
3.200000000000003
3.8999999999999986
3.8999999999999986
2.8999999999999986
4.600000000000001
1.2000000000000028
4.200000000000003
5.5
8.899999999999999
3.0
1.7000000000000028
6.300000000000004
1.7999999999999972
0.3999999999999986
2.8999999999999986
4.600000000000001
1.2999999999999972
5.0
2.5
8.200000000000003
7.100000000000001
6.5
7.600000000000001
6.299999999999997
8.299999999999997
0.8999999999999986
3.3999999999999986
0.29999999999999716
1.1000000000000014
4.899999999999999
6.799999999999997
8.700000000000003
1.9000000000000057
6.100000000000001
8.399999999999999
4.600000000000001
2.5
6.600000000000001
1.5
2.8999999999999986
0.8999999999999986
2.0
0.09999999999999432
4.100000000000001
4.5
4.799999999999997
1.2999999999999972
4.0
13.100000000000001
4.100000000000001
0.8999999999999986
2.0
0.6000000000000014
0.8999999999999986
5.399999999999999
3.799999999999997
3.200000000000003
0.5
13.600000000000001
1.5
1.8999999999999986
3.0
0.10000000000000142
0.8999999999999986
5.100000000000001
4.200000000000003
8.100000000000001
2.700000000000003
1.7999999999999972
0.5
5.5
3.700000000000003
3.700000000000003
8.200000000000003
5.899999999999999
5.799999999999997
1.6000000000000014
6.700000000000003
1.5
3.0
7.899999999999999
6.399999999999999
0.20000000000000284
1.1000000000000014
1.5999999999999943
2.8999999999999986
3.299999999999997
9.100000000000001
2.6999999999999957
4.5
8.600000000000001
2.4000000000000057
9.200000000000003
5.5
4.5
2.200000000000003
10.200000000000003
0.10000000000000142
5.100000000000001
4.600000000000001
2.200000000000003
9.700000000000003
2.700000000000003
5.799999999999997
5.0
0.5
5.100000000000001
5.100000000000001
1.4000000000000057
5.899999999999999
0.9000000000000057
3.299999999999997
0.7999999999999972
3.5
0.6000000000000014
2.4000000000000057
4.699999999999996
4.200000000000003
0.5
5.900000000000006
1.2000000000000028
3.0999999999999943
1.1000000000000014
1.5999999999999943
0.8999999999999986
1.8999999999999986
3.0
1.8999999999999986
1.3999999999999986
1.1000000000000014
2.5
2.3999999999999986
10.899999999999999
1.7999999999999972
2.700000000000003
1.0
1.3999999999999986
10.600000000000001
4.600000000000001
4.799999999999997
2.799999999999997
0.7999999999999972
0.20000000000000284
8.5
6.5
0.20000000000000284
0.20000000000000284
3.3999999999999986
9.100000000000001
4.5
0.5
7.900000000000006
6.100000000000001
2.8999999999999986
12.999999999999996
4.100000000000001
3.0
5.299999999999997
12.699999999999996
6.100000000000001
3.799999999999997
0.3999999999999986
0.7999999999999972
2.6000000000000014
2.5999999999999943
5.200000000000003
1.0
2.1000000000000014
1.8999999999999986
4.700000000000003
2.299999999999997
3.8999999999999986
3.200000000000003
3.200000000000003
0.7000000000000028
1.1000000000000014
4.0
1.1000000000000014
1.5
0.29999999999999716
6.399999999999999
2.6999999999999957
2.5
0.8999999999999986
6.900000000000006
4.200000000000003
7.899999999999999
0.5
6.0
13.400000000000006
1.8999999999999986
4.200000000000003
5.099999999999994
0.20000000000000284
0.7999999999999972
1.3999999999999986
5.0
3.5
6.899999999999999
0.7999999999999972
7.100000000000001
6.0
0.29999999999999716
0.5
0.5
6.700000000000003
3.5
1.3999999999999986
8.200000000000003
4.5
1.7999999999999972
4.099999999999994
7.900000000000006
5.800000000000004
4.399999999999999
1.5
4.100000000000001
0.29999999999999716
7.100000000000001
9.800000000000004
1.5999999999999943
2.8999999999999986
3.8999999999999986
7.600000000000001
6.600000000000001
7.5
1.3999999999999986
1.8999999999999986
0.29999999999999716
6.700000000000003
0.29999999999999716
3.0
1.8999999999999986
0.20000000000000284
8.5
4.700000000000003
3.5
0.9000000000000057
2.5
5.5
2.1000000000000014
0.7999999999999972
3.200000000000003
4.299999999999997
6.0
6.300000000000004
1.5
3.5
1.2999999999999972
8.200000000000003
3.8999999999999986
8.399999999999999
4.200000000000003
8.799999999999997
4.899999999999999
2.3999999999999986
0.7000000000000028
6.0
4.799999999999997
2.8999999999999986
0.5
5.899999999999999
4.0
9.5
3.6000000000000014
0.5
3.3999999999999986
11.399999999999999
5.600000000000001
6.0
4.400000000000006
0.5
2.8999999999999986
0.4000000000000057
4.399999999999999
9.099999999999994
4.600000000000001
1.6000000000000014
0.8000000000000043
0.10000000000000142
6.700000000000003
0.7999999999999972
9.5
1.8000000000000043
3.3999999999999986
3.1000000000000014
9.399999999999999
3.3999999999999986
7.5
12.900000000000006
2.299999999999997
0.29999999999999716
0.8000000000000043
0.19999999999999574
3.700000000000003
4.5
3.200000000000003
4.899999999999999
9.799999999999997
5.0
4.399999999999999
1.7999999999999972
5.700000000000003
5.5
4.700000000000003
12.400000000000002
11.899999999999999
4.700000000000003
1.5
3.3999999999999986
8.899999999999999
7.5
6.099999999999994
2.6000000000000014
9.200000000000003
10.900000000000006
4.0
0.0
14.399999999999999
5.399999999999999
4.399999999999999
2.4000000000000057
4.600000000000001
4.100000000000001
3.700000000000003
2.6000000000000014
2.3999999999999986
1.5
3.0
4.5
4.5
0.3999999999999986
3.1000000000000014
11.8
3.200000000000003
0.19999999999999574
0.7000000000000028
5.100000000000001
3.200000000000003
6.100000000000001
1.7000000000000028
2.799999999999997
3.700000000000003
5.099999999999994
6.0
7.899999999999999
5.600000000000001
12.8
7.100000000000001
0.20000000000000284
3.299999999999997
5.299999999999997
0.8999999999999986
4.400000000000006
9.799999999999997
6.200000000000003
7.5
3.1000000000000014
1.2000000000000028
4.299999999999997
3.1000000000000014
6.0
0.3999999999999986
0.30000000000000426
7.200000000000003
2.6000000000000014
0.0
10.299999999999997
3.799999999999997
0.9000000000000057
1.1000000000000014
4.800000000000004
8.299999999999997
9.700000000000003
0.30000000000000426
2.8000000000000043
9.100000000000001
0.0
0.6000000000000014
6.700000000000003
1.7000000000000028
2.5999999999999943
2.1000000000000014
8.200000000000003
4.299999999999997
5.799999999999997
0.3999999999999986
7.599999999999994
0.8999999999999986
3.3999999999999986
0.3999999999999986
4.399999999999999
0.7999999999999972
5.600000000000001
8.600000000000001
4.799999999999997
3.4000000000000057
4.100000000000001
9.299999999999997
5.299999999999997
4.299999999999997
2.700000000000003
7.100000000000001
10.0
7.299999999999997
7.399999999999999
1.1000000000000014
1.0
3.200000000000003
0.7999999999999972
6.200000000000003
6.799999999999997
4.5
9.299999999999997
11.5
3.799999999999997
1.7999999999999972
7.799999999999997
7.400000000000006
4.700000000000003
13.0
4.700000000000003
4.200000000000003
8.600000000000001
1.2000000000000028
0.5
2.1000000000000014
0.5
0.10000000000000142
6.200000000000003
11.200000000000003
3.3999999999999986
0.8999999999999986
5.0
7.399999999999999
7.5
7.200000000000003
8.899999999999999
2.0
2.6000000000000014
13.399999999999999
1.2000000000000028
6.299999999999997
4.799999999999997
0.30000000000000426
3.1000000000000014
11.0
5.5
2.0
4.199999999999996
4.799999999999997
0.0
5.899999999999999
0.30000000000000426
3.8999999999999986
6.200000000000003
6.0
1.1000000000000014
0.10000000000000142
6.0
3.9000000000000057
3.200000000000003
4.100000000000001
7.899999999999999
4.5
4.200000000000003
2.700000000000003
3.6000000000000014
3.8999999999999986
5.300000000000004
0.0
3.200000000000003
11.8
4.700000000000003
14.7
5.200000000000003
1.7000000000000028
4.799999999999997
3.0
4.299999999999997
0.3999999999999986
2.1000000000000014
5.299999999999997
4.100000000000001
5.299999999999997
4.600000000000001
4.099999999999994
9.300000000000004
4.799999999999997
6.5
8.600000000000001
6.0
5.600000000000001
3.799999999999997
2.6000000000000014
5.100000000000001
7.199999999999996
7.299999999999997
2.3999999999999986
3.6000000000000014
1.1000000000000014
4.099999999999994
4.799999999999997
4.399999999999999
8.100000000000001
6.700000000000003
0.5
2.0
7.899999999999999
6.899999999999999
2.299999999999997
1.6000000000000014
7.200000000000003
3.3999999999999986
0.09999999999999432
0.29999999999999716
0.4000000000000057
6.700000000000003
3.5
0.20000000000000284
1.7000000000000028
0.5
8.599999999999994
2.3999999999999986
0.7999999999999972
3.5
3.8000000000000043
5.399999999999999
4.399999999999999
6.5
4.200000000000003
3.299999999999997
3.8999999999999986
4.299999999999997
4.899999999999999
2.3999999999999986
3.700000000000003
0.6000000000000014
5.899999999999999
0.5
0.6000000000000014
0.6000000000000014
4.799999999999997
0.7000000000000028
7.599999999999994
0.8999999999999986
3.5
0.7999999999999972
1.8999999999999986
2.6999999999999957
10.3
2.6000000000000014
2.3999999999999986
0.9000000000000057
3.1000000000000014
10.100000000000001
2.200000000000003
7.299999999999997
8.5
6.800000000000004
3.5
7.600000000000001
6.5
5.099999999999994
8.899999999999999
5.0
4.299999999999997
0.5
5.700000000000003
0.3999999999999986
4.799999999999997
5.200000000000003
7.299999999999997
7.700000000000003
0.5
0.20000000000000284
0.10000000000000142
2.799999999999997
4.600000000000001
6.0
8.0
6.0
1.1999999999999957
3.4000000000000057
6.800000000000004
2.6000000000000014
4.899999999999999
6.899999999999999
1.5
0.7999999999999972
11.999999999999996
6.399999999999999
4.0
1.0
14.300000000000004
8.5
0.10000000000000142
3.6000000000000014
1.7999999999999972
1.5
7.0
3.799999999999997
10.0
3.6000000000000014
0.7999999999999972
0.10000000000000142
5.100000000000001
0.3999999999999986
0.7999999999999972
2.200000000000003
3.3999999999999986
1.8000000000000043
5.799999999999997
11.600000000000001
6.0
1.9000000000000057
3.3999999999999986
5.799999999999997
7.600000000000001
10.5
5.100000000000001
0.3999999999999986
0.3999999999999986
1.5
0.8999999999999986
6.200000000000003
1.5
3.0
6.900000000000006
4.299999999999997
0.8999999999999986
0.7000000000000028
4.299999999999997
2.8999999999999986
1.1000000000000014
2.6000000000000014
4.799999999999997
2.1000000000000014
2.1000000000000014
4.0
3.299999999999997
6.800000000000004
9.5
0.20000000000000284
3.9000000000000057
2.6000000000000014
3.5
6.700000000000003
7.299999999999997
1.6000000000000014
5.299999999999997
4.399999999999999
2.299999999999997
10.900000000000006
3.8999999999999986
2.8999999999999986
4.899999999999999
4.700000000000003
1.7999999999999972
3.700000000000003
9.200000000000003
4.399999999999999
2.0
3.700000000000003
10.400000000000006
2.5
5.899999999999999
5.600000000000001
7.899999999999999
4.399999999999999
2.3999999999999986
10.299999999999997
4.899999999999999
2.1000000000000014
7.600000000000001
3.8999999999999986
5.599999999999994
1.2999999999999972
6.899999999999999
7.299999999999997
5.599999999999994
10.599999999999994
0.3999999999999986
0.19999999999999574
4.0
0.20000000000000284
0.30000000000000426
6.899999999999999
9.100000000000001
4.0
0.3999999999999986
8.899999999999999
1.3999999999999986
0.6000000000000014
1.7000000000000028
7.899999999999999
12.199999999999996
2.8999999999999986
1.3999999999999986
0.3999999999999986
9.299999999999997
0.09999999999999432
11.900000000000006
7.600000000000001
2.5
4.5
7.700000000000003
4.799999999999997
6.5
4.399999999999999
1.6999999999999957
5.200000000000003
9.600000000000001
3.3999999999999986
4.099999999999994
6.100000000000001
0.7999999999999972
3.1000000000000014
4.700000000000003
3.6999999999999957
8.099999999999994
4.299999999999997
2.0
2.0
6.300000000000004
0.29999999999999716
5.0
2.299999999999997
8.899999999999999
11.599999999999994
4.200000000000003
0.0
4.5
0.5
3.3999999999999986
0.5
4.800000000000004
1.3999999999999986
4.600000000000001
0.09999999999999432
1.6999999999999957
1.0
4.100000000000001
6.0
1.7000000000000028
2.0
1.7000000000000028
7.799999999999997
1.5
1.7999999999999972
1.8000000000000043
3.1000000000000014
6.5
8.200000000000003
9.700000000000003
1.6000000000000014
2.6000000000000014
1.1000000000000014
5.399999999999999
0.0
5.399999999999999
3.200000000000003
0.10000000000000142
1.3999999999999986
1.0999999999999943
0.3999999999999986
4.899999999999999
7.5
1.1000000000000014
7.899999999999999
1.5
8.399999999999999
6.399999999999999
0.3999999999999986
10.599999999999994
1.2999999999999972
4.100000000000001
0.5
7.799999999999997
8.299999999999997
1.7999999999999972
1.2000000000000028
4.300000000000004
2.0
4.400000000000006
6.700000000000003
2.6000000000000014
6.100000000000001
17.5
3.6000000000000014
0.10000000000000142
1.6000000000000014
5.399999999999999
4.600000000000001
1.5
0.0
0.29999999999999716
5.800000000000004
3.799999999999997
3.6000000000000014
4.0
0.7999999999999972
7.200000000000003
0.6000000000000014
13.8
0.29999999999999716
5.200000000000003
1.1999999999999957
3.5
2.0
13.7
7.399999999999999
0.30000000000000426
6.899999999999999
5.399999999999999
3.299999999999997
6.5
4.0
3.299999999999997
0.5
2.299999999999997
9.299999999999997
1.5
1.2000000000000028
8.100000000000001
0.29999999999999716
11.799999999999997
0.20000000000000284
1.7000000000000028
8.400000000000006
3.299999999999997
8.399999999999999
1.8999999999999986
4.399999999999999
3.200000000000003
0.7999999999999972
2.0
9.0
4.5
1.1999999999999957
10.100000000000001
3.4000000000000057
2.200000000000003
6.299999999999997
6.0
0.5999999999999943
3.3999999999999986
3.3999999999999986
10.0
3.299999999999997
1.7000000000000028
3.799999999999997
2.200000000000003
12.600000000000001
1.1000000000000014
9.400000000000006
2.9000000000000057
4.100000000000001
10.399999999999999
11.899999999999999
3.799999999999997
2.0999999999999943
0.8999999999999986
0.7999999999999972
6.399999999999999
0.20000000000000284
5.0
0.29999999999999716
2.0
6.800000000000004
10.100000000000001
0.3999999999999986
10.100000000000001
0.0
2.3999999999999986
0.6000000000000014
7.600000000000001
1.7000000000000028
5.399999999999999
2.5
2.0999999999999943
3.799999999999997
5.200000000000003
2.6000000000000014
1.2000000000000028
0.5999999999999943
2.0
1.3999999999999986
3.5
3.0
1.7000000000000028
8.200000000000003
11.399999999999999
8.900000000000006
4.799999999999997
1.2000000000000028
4.699999999999996
0.9000000000000057
6.399999999999999
7.400000000000006
1.3999999999999986
2.3999999999999986
9.5
0.09999999999999432
10.700000000000003
0.29999999999999716
3.6000000000000014
6.899999999999999
4.600000000000001
2.8000000000000043
7.0
0.6000000000000014
5.100000000000001
10.400000000000006
0.3999999999999986
2.0999999999999943
4.5
4.399999999999999
4.0
2.700000000000003
8.299999999999997
4.700000000000003
2.1000000000000014
6.300000000000004
7.799999999999997
4.899999999999999
4.600000000000001
3.6000000000000014
4.0
7.299999999999997
0.7999999999999972
4.200000000000003
2.3999999999999986
5.200000000000003
0.20000000000000284
3.700000000000003
1.0
7.200000000000003
3.700000000000003
0.8999999999999986
9.299999999999997
1.1000000000000014
0.7000000000000028
5.600000000000001
4.199999999999996
0.5
5.700000000000003
3.1999999999999957
9.600000000000001
7.5
1.5999999999999943
2.0
0.7000000000000028
0.6999999999999957
8.600000000000001
1.3000000000000043
1.0
5.299999999999997
0.8999999999999986
2.1000000000000014
1.3999999999999986
3.5
6.5
8.0
2.299999999999997
3.1000000000000014
5.200000000000003
4.900000000000006
4.899999999999999
2.799999999999997
3.6000000000000014
1.2999999999999972
1.8999999999999986
3.1000000000000014
0.8999999999999986
7.0
0.29999999999999716
4.200000000000003
4.5
2.1999999999999957
7.5
9.5
11.700000000000003
1.6000000000000014
12.100000000000001
3.5
7.299999999999997
7.200000000000003
4.600000000000001
8.899999999999999
10.5
2.6000000000000014
6.299999999999997
1.7000000000000028
8.200000000000003
4.5
10.5
7.200000000000003
18.299999999999997
15.399999999999999
4.399999999999999
11.299999999999997
0.29999999999999716
0.8999999999999986
8.5
6.200000000000003
0.6000000000000014
5.799999999999997
10.700000000000003
3.799999999999997
1.2999999999999972
11.399999999999999
6.799999999999997
8.799999999999997
8.299999999999997
4.100000000000001
0.3999999999999986
11.299999999999997
4.899999999999999
8.399999999999999
7.600000000000001
7.5
3.5
6.700000000000003
2.5
10.399999999999999
9.200000000000003
3.6000000000000014
5.5
10.0
3.6000000000000014
6.100000000000001
2.8999999999999986
14.200000000000003
10.399999999999999
0.10000000000000142
11.200000000000003
8.399999999999999
14.799999999999997
11.600000000000001
7.299999999999997
9.600000000000001
5.600000000000001
3.6000000000000014
5.100000000000001
10.899999999999999
4.399999999999999
3.200000000000003
4.899999999999999
13.899999999999999
2.700000000000003
15.200000000000003
7.600000000000001
10.0
11.200000000000003
10.100000000000001
9.299999999999997
9.799999999999997
6.600000000000001
10.399999999999999
16.1
6.799999999999997
4.299999999999997
10.700000000000003
3.8999999999999986
12.600000000000001
1.2999999999999972
0.20000000000000284
6.100000000000001
13.100000000000001
0.10000000000000142
15.0
2.3999999999999986
9.299999999999997
12.5
4.700000000000003
13.5
11.899999999999999
4.899999999999999
5.0
5.5
3.1000000000000014
2.3999999999999986
3.1000000000000014
2.299999999999997
7.100000000000001
12.0
6.100000000000001
4.700000000000003
10.100000000000001
3.8999999999999986
13.799999999999997
0.7999999999999972
1.2000000000000028
8.0
9.600000000000001
9.299999999999997
8.5
16.0
5.799999999999997
2.5
10.299999999999997
19.5
9.5
6.399999999999999
15.299999999999997
8.0
6.399999999999999
10.399999999999999
6.399999999999999
10.0
9.5
0.7000000000000028
16.0
5.899999999999999
1.7000000000000028
11.299999999999997
2.799999999999997
5.399999999999999
11.0
1.3999999999999986
3.799999999999997
5.200000000000003
5.0
12.600000000000001
12.899999999999999
3.200000000000003
9.799999999999997
4.200000000000003
2.0
9.700000000000003
1.6000000000000014
5.399999999999999
4.0
14.899999999999999
8.100000000000001
3.799999999999997
7.600000000000001
5.600000000000001
2.299999999999997
14.200000000000003
4.0
8.399999999999999
7.299999999999997
7.799999999999997
9.899999999999999
16.700000000000003
7.299999999999997
15.399999999999999
1.0
8.0
5.100000000000001
6.700000000000003
5.5
8.299999999999997
6.5
5.899999999999999
2.0
13.100000000000001
10.600000000000001
12.399999999999999
11.700000000000003
4.899999999999999
1.6000000000000014
13.899999999999999
4.200000000000003
10.899999999999999
9.899999999999999
7.0
4.5
5.899999999999999
2.3999999999999986
9.0
16.799999999999997
4.600000000000001
9.299999999999997
7.200000000000003
5.0
7.399999999999999
8.5
8.299999999999997
2.5
5.0
5.899999999999999
4.200000000000003
7.0
2.799999999999997
4.100000000000001
4.5
11.899999999999999
8.399999999999999
0.10000000000000142
7.899999999999999
6.899999999999999
5.399999999999999
2.299999999999997
11.5
8.399999999999999
5.5
9.600000000000001
8.299999999999997
8.100000000000001
7.200000000000003
5.5
5.399999999999999
9.399999999999999
6.899999999999999
7.299999999999997
13.200000000000003
12.899999999999999
3.8999999999999986
3.799999999999997
10.200000000000003
2.299999999999997
16.1
4.0
11.899999999999999
1.2999999999999972
11.100000000000001
0.10000000000000142
6.799999999999997
7.299999999999997
6.299999999999997
9.200000000000003
6.600000000000001
4.399999999999999
6.299999999999997
10.5
0.10000000000000142
8.200000000000003
10.799999999999997
9.799999999999997
17.6
8.200000000000003
4.200000000000003
4.600000000000001
7.899999999999999
2.6000000000000014
13.5
11.899999999999999
3.299999999999997
12.100000000000001
7.600000000000001
2.3999999999999986
0.3999999999999986
7.299999999999997
6.600000000000001
10.100000000000001
11.100000000000001
6.700000000000003
6.700000000000003
10.399999999999999
8.200000000000003
2.6000000000000014
13.200000000000003
4.299999999999997
2.799999999999997
3.6000000000000014
4.700000000000003
2.1000000000000014
5.600000000000001
9.200000000000003
4.899999999999999
6.100000000000001
4.700000000000003
7.5
4.0
6.299999999999997
10.200000000000003
9.799999999999997
14.299999999999997
7.299999999999997
9.200000000000003
2.6000000000000014
8.399999999999999
10.0
12.200000000000003
14.399999999999999
5.0
8.600000000000001
10.0
5.100000000000001
4.100000000000001
5.700000000000003
13.700000000000003
14.200000000000003
6.299999999999997
1.8999999999999986
12.5
7.899999999999999
5.0
7.5
7.899999999999999
5.399999999999999
3.6000000000000014
9.600000000000001
9.600000000000001
1.7000000000000028
14.799999999999997
3.8999999999999986
4.5
13.399999999999999
4.799999999999997
13.399999999999999
6.399999999999999
1.7000000000000028
1.6000000000000014
4.100000000000001
3.8999999999999986
6.700000000000003
5.899999999999999
6.200000000000003
9.799999999999997
4.299999999999997
18.299999999999997
10.200000000000003
1.2000000000000028
12.600000000000001
12.100000000000001
6.200000000000003
7.899999999999999
2.8999999999999986
3.5
1.2000000000000028
6.799999999999997
0.0
2.299999999999997
9.899999999999999
3.799999999999997
5.399999999999999
8.700000000000003
4.399999999999999
7.5
0.10000000000000142
2.799999999999997
3.299999999999997
5.200000000000003
0.6000000000000014
14.899999999999999
2.1000000000000014
14.399999999999999
4.0
1.2000000000000028
7.700000000000003
12.399999999999999
5.0
5.299999999999997
17.4
10.299999999999997
3.1000000000000014
11.600000000000001
8.399999999999999
6.0
3.200000000000003
5.299999999999997
9.5
1.8999999999999986
14.5
11.0
2.799999999999997
11.200000000000003
6.899999999999999
19.9
7.899999999999999
5.799999999999997
3.6000000000000014
7.799999999999997
16.700000000000003
9.399999999999999
6.700000000000003
10.200000000000003
3.3999999999999986
11.299999999999997
12.700000000000003
6.399999999999999
4.399999999999999
3.3999999999999986
9.5
1.0
1.6000000000000014
12.399999999999999
4.299999999999997
3.299999999999997
11.600000000000001
14.399999999999999
10.100000000000001
12.299999999999997
12.899999999999999
8.899999999999999
7.299999999999997
2.1000000000000014
5.299999999999997
13.100000000000001
7.600000000000001
12.5
8.899999999999999
2.3999999999999986
4.399999999999999
2.700000000000003
15.600000000000001
9.600000000000001
9.0
18.9
1.7000000000000028
8.299999999999997
10.200000000000003
3.6000000000000014
5.799999999999997
8.0
0.5
1.0
9.399999999999999
11.399999999999999
15.700000000000003
8.799999999999997
13.5
0.5
6.899999999999999
9.299999999999997
0.20000000000000284
4.0
3.700000000000003
4.200000000000003
2.1000000000000014
17.299999999999997
15.0
11.100000000000001
15.100000000000001
2.799999999999997
8.799999999999997
11.5
11.200000000000003
8.399999999999999
8.200000000000003
10.100000000000001
10.299999999999997
1.3999999999999986
11.399999999999999
9.899999999999999
13.700000000000003
6.799999999999997
3.299999999999997
6.399999999999999
0.3999999999999986
8.5
3.200000000000003
0.7999999999999972
9.799999999999997
11.299999999999997
11.799999999999997
9.299999999999997
5.899999999999999
4.100000000000001
3.5
4.100000000000001
7.5
9.799999999999997
0.3999999999999986
7.100000000000001
5.200000000000003
8.899999999999999
12.0
7.399999999999999
5.0
0.7999999999999972
7.899999999999999
8.700000000000003
1.3999999999999986
2.5
4.299999999999997
11.700000000000003
11.799999999999997
8.100000000000001
18.200000000000003
8.299999999999997
12.200000000000003
6.899999999999999
11.299999999999997
6.899999999999999
11.899999999999999
2.0
9.399999999999999
4.700000000000003
0.29999999999999716
5.899999999999999
15.299999999999997
3.6000000000000014
5.200000000000003
21.9
2.0
4.5
8.100000000000001
5.299999999999997
14.399999999999999
8.100000000000001
6.899999999999999
10.5
5.899999999999999
14.100000000000001
6.600000000000001
6.100000000000001
8.100000000000001
2.700000000000003
5.0
11.5
2.6000000000000014
8.0
3.5
7.299999999999997
0.0
4.899999999999999
6.799999999999997
6.700000000000003
8.5
5.600000000000001
6.100000000000001
4.600000000000001
10.100000000000001
8.100000000000001
9.100000000000001
11.0
4.200000000000003
4.600000000000001
2.799999999999997
2.0
0.5
9.899999999999999
15.799999999999997
8.299999999999997
11.600000000000001
7.5
3.6000000000000014
7.5
1.2999999999999972
9.899999999999999
6.100000000000001
12.799999999999997
2.5
1.0
4.600000000000001
10.0
4.200000000000003
9.700000000000003
10.700000000000003
4.200000000000003
3.299999999999997
21.200000000000003
8.600000000000001
3.3999999999999986
9.799999999999997
4.0
0.0
5.299999999999997
3.1000000000000014
3.3999999999999986
7.399999999999999
11.899999999999999
7.0
10.700000000000003
12.600000000000001
2.299999999999997
10.600000000000001
12.899999999999999
5.600000000000001
2.799999999999997
7.700000000000003
8.700000000000003
12.899999999999999
11.200000000000003
12.799999999999997
1.2000000000000028
5.600000000000001
4.0
12.200000000000003
6.799999999999997
3.299999999999997
6.799999999999997
9.5
4.799999999999997
10.600000000000001
6.5
6.5
2.5
17.5
8.0
7.700000000000003
4.899999999999999
12.700000000000003
0.6000000000000014
8.799999999999997
0.7999999999999972
1.0
12.200000000000003
5.200000000000003
1.0
6.399999999999999
0.7000000000000028
7.299999999999997
10.100000000000001
0.29999999999999716
7.700000000000003
9.0
8.600000000000001
16.0
8.299999999999997
4.899999999999999
2.3999999999999986
5.0
4.5
2.700000000000003
14.700000000000003
5.0
9.5
9.399999999999999
14.700000000000003
12.299999999999997
1.8999999999999986
9.600000000000001
7.700000000000003
4.5
6.600000000000001
2.1000000000000014
7.700000000000003
11.799999999999997
6.700000000000003
0.6000000000000014
3.3999999999999986
18.0
2.1000000000000014
1.6000000000000014
10.799999999999997
10.600000000000001
9.299999999999997
2.799999999999997
5.600000000000001
7.100000000000001
2.299999999999997
5.100000000000001
6.299999999999997
2.200000000000003
3.0
7.100000000000001
16.200000000000003
14.200000000000003
9.700000000000003
7.100000000000001
5.5
5.700000000000003
8.100000000000001
13.799999999999997
8.399999999999999
7.100000000000001
6.399999999999999
6.0
14.5
6.5
9.700000000000003
8.899999999999999
5.600000000000001
5.200000000000003
14.700000000000003
6.5
11.600000000000001
9.299999999999997
9.899999999999999
13.600000000000001
8.799999999999997
4.200000000000003
3.1000000000000014
5.799999999999997
1.7000000000000028
10.299999999999997
10.100000000000001
14.600000000000001
7.700000000000003
9.600000000000001
3.299999999999997
9.0
6.899999999999999
3.799999999999997
3.1000000000000014
8.100000000000001
2.1000000000000014
8.899999999999999
10.799999999999997
6.399999999999999
9.5
6.899999999999999
16.4
7.5
13.299999999999997
1.0
6.100000000000001
7.200000000000003
3.6000000000000014
7.100000000000001
14.5
1.2999999999999972
7.600000000000001
6.0
1.2000000000000028
8.399999999999999
1.6000000000000014
12.700000000000003
5.100000000000001
3.8999999999999986
3.200000000000003
5.899999999999999
6.700000000000003
9.399999999999999
1.7999999999999972
12.399999999999999
5.5
3.1000000000000014
9.899999999999999
5.5
4.600000000000001
2.1000000000000014
9.700000000000003
15.5
3.200000000000003
7.700000000000003
1.8999999999999986
16.5
6.5
0.8999999999999986
11.700000000000003
3.799999999999997
7.799999999999997
12.799999999999997
1.0
1.3999999999999986
1.1000000000000014
14.5
7.100000000000001
11.299999999999997
6.100000000000001
3.6000000000000014
4.399999999999999
5.5
12.899999999999999
9.0
3.0
12.600000000000001
6.299999999999997
2.700000000000003
1.2000000000000028
4.299999999999997
7.399999999999999
4.799999999999997
13.399999999999999
7.5
12.700000000000003
2.1000000000000014
3.5
8.100000000000001
5.200000000000003
2.799999999999997
17.9
7.600000000000001
8.799999999999997
6.399999999999999
1.2000000000000028
12.5
7.899999999999999
2.299999999999997
5.399999999999999
14.0
5.200000000000003
2.6000000000000014
10.7
0.0
0.3999999999999986
9.100000000000001
8.299999999999997
2.200000000000003
1.8999999999999986
1.0
4.200000000000003
2.200000000000003
2.200000000000003
2.200000000000003
2.0
4.299999999999997
1.8999999999999986
11.399999999999999
2.200000000000003
4.899999999999999
2.700000000000003
7.700000000000003
1.7000000000000028
5.799999999999997
8.799999999999997
3.0
3.3999999999999986
3.0
5.299999999999997
4.399999999999999
7.600000000000001
2.700000000000003
4.899999999999999
2.8999999999999986
3.200000000000003
0.7000000000000028
11.7
5.600000000000001
3.8999999999999986
8.5
6.100000000000001
7.100000000000001
0.7999999999999972
5.100000000000001
4.0
1.5
5.899999999999999
3.799999999999997
4.600000000000001
8.899999999999999
6.399999999999999
3.5
1.8999999999999986
3.299999999999997
7.600000000000001
0.6000000000000014
0.5
9.100000000000001
12.100000000000001
0.8999999999999986
5.799999999999997
2.799999999999997
6.0
8.100000000000001
6.700000000000003
1.2000000000000028
6.600000000000001
0.5
7.600000000000001
6.0
9.200000000000003
6.100000000000001
0.7000000000000028
9.200000000000003
5.899999999999999
3.8999999999999986
3.700000000000003
2.799999999999997
13.7
4.200000000000003
5.100000000000001
1.7999999999999972
2.1000000000000014
1.7000000000000028
6.899999999999999
7.0
6.399999999999999
3.0
3.700000000000003
4.0
3.6000000000000014
6.899999999999999
6.700000000000003
4.700000000000003
12.100000000000001
1.2000000000000028
7.100000000000001
1.7999999999999972
4.700000000000003
4.600000000000001
7.799999999999997
4.100000000000001
7.299999999999997
5.299999999999997
1.0
1.0
1.8999999999999986
6.600000000000001
0.10000000000000142
4.299999999999997
5.200000000000003
3.3999999999999986
1.7999999999999972
0.20000000000000284
13.600000000000001
1.6000000000000014
8.5
5.299999999999997
4.600000000000001
0.6000000000000014
1.8999999999999986
3.5
7.600000000000001
4.700000000000003
9.200000000000003
2.299999999999997
0.0
5.200000000000003
2.3999999999999986
7.899999999999999
5.899999999999999
8.0
4.799999999999997
1.3999999999999986
0.5
0.20000000000000284
0.3999999999999986
4.799999999999997
1.1000000000000014
6.100000000000001
1.8999999999999986
5.799999999999997
4.799999999999997
4.5
4.100000000000001
2.200000000000003
6.799999999999997
2.299999999999997
8.799999999999997
12.0
2.0
4.399999999999999
1.8999999999999986
3.799999999999997
4.700000000000003
3.6000000000000014
6.700000000000003
11.2
2.799999999999997
6.0
4.5
3.700000000000003
0.3999999999999986
5.0
3.5
6.5
0.5
8.600000000000001
3.3999999999999986
0.5
6.700000000000003
4.5
1.3999999999999986
4.799999999999997
0.7000000000000028
8.700000000000003
3.1000000000000014
7.600000000000001
3.0
11.3
5.399999999999999
7.700000000000003
4.0
1.2000000000000028
1.2000000000000028
4.799999999999997
6.299999999999997
5.200000000000003
0.20000000000000284
3.3999999999999986
0.7999999999999972
1.7000000000000028
2.5
1.2999999999999972
0.8999999999999986
7.200000000000003
4.5
0.8999999999999986
6.299999999999997
6.5
4.700000000000003
0.5
6.0
0.5
4.5
3.299999999999997
13.5
6.700000000000003
4.399999999999999
7.5
3.8999999999999986
1.6000000000000014
1.7000000000000028
4.600000000000001
4.299999999999997
2.200000000000003
3.299999999999997
6.700000000000003
4.200000000000003
2.5
7.399999999999999
1.2999999999999972
2.8999999999999986
4.299999999999997
0.3999999999999986
5.299999999999997
0.20000000000000284
11.8
6.0
0.6000000000000014
4.5
0.3999999999999986
4.899999999999999
5.799999999999997
1.2000000000000028
1.7000000000000028
11.399999999999999
3.6000000000000014
2.700000000000003
10.600000000000001
11.3
9.5
1.1000000000000014
9.5
3.6000000000000014
1.7000000000000028
1.1000000000000014
8.399999999999999
2.0
5.200000000000003
4.299999999999997
2.0
0.10000000000000142
3.1000000000000014
2.8999999999999986
3.200000000000003
4.899999999999999
0.29999999999999716
11.2
7.200000000000003
1.2000000000000028
3.799999999999997
6.600000000000001
2.8999999999999986
3.200000000000003
4.200000000000003
4.299999999999997
1.7000000000000028
0.3999999999999986
1.2000000000000028
4.200000000000003
0.20000000000000284
4.200000000000003
1.7999999999999972
5.899999999999999
0.5
5.899999999999999
1.7999999999999972
2.0
0.7999999999999972
0.7999999999999972
0.7999999999999972
0.20000000000000284
2.1000000000000014
16.5
5.299999999999997
7.799999999999997
3.299999999999997
3.6000000000000014
2.799999999999997
7.299999999999997
3.6000000000000014
4.5
6.799999999999997
2.5
6.0
2.5
4.200000000000003
12.7
3.799999999999997
3.200000000000003
0.8999999999999986
0.8999999999999986
3.700000000000003
3.200000000000003
1.2000000000000028
0.0
8.5
7.700000000000003
3.299999999999997
2.3999999999999986
3.8999999999999986
4.299999999999997
3.5
3.200000000000003
1.1000000000000014
6.0
6.600000000000001
6.299999999999997
3.8999999999999986
1.2999999999999972
2.0
2.799999999999997
1.3999999999999986
4.0
8.100000000000001
7.700000000000003
3.799999999999997
6.299999999999997
0.29999999999999716
2.700000000000003
5.299999999999997
6.0
6.899999999999999
2.700000000000003
7.700000000000003
7.600000000000001
2.1000000000000014
6.0
3.0
7.100000000000001
7.200000000000003
8.100000000000001
5.600000000000001
0.10000000000000142
10.5
7.399999999999999
2.799999999999997
1.3999999999999986
7.399999999999999
3.3999999999999986
3.6000000000000014
1.5
5.600000000000001
3.299999999999997
6.0
3.6000000000000014
3.799999999999997
1.8999999999999986
2.6000000000000014
3.200000000000003
0.8999999999999986
10.899999999999999
14.3
0.10000000000000142
6.5
3.8999999999999986
6.200000000000003
3.6000000000000014
0.0
6.899999999999999
3.3999999999999986
6.100000000000001
4.799999999999997
0.7000000000000028
8.600000000000001
2.0
9.299999999999997
0.20000000000000284
3.5
7.0
13.8
5.899999999999999
5.299999999999997
1.7999999999999972
2.799999999999997
7.700000000000003
1.3999999999999986
7.100000000000001
5.399999999999999
3.0
3.6000000000000014
1.6000000000000014
5.600000000000001
7.100000000000001
9.399999999999999
4.600000000000001
0.7999999999999972
3.700000000000003
12.3
0.29999999999999716
9.700000000000003
12.0
4.200000000000003
1.8999999999999986
4.100000000000001
1.5
5.600000000000001
4.5
3.299999999999997
2.3999999999999986
1.7999999999999972
4.299999999999997
4.399999999999999
2.3999999999999986
5.0
0.6000000000000014
3.1000000000000014
4.200000000000003
3.6000000000000014
5.100000000000001
12.0
5.799999999999997
7.100000000000001
0.0
6.0
9.600000000000001
8.200000000000003
8.5
1.2999999999999972
0.5
13.600000000000001
1.7000000000000028
9.600000000000001
4.200000000000003
0.10000000000000142
0.29999999999999716
0.0
10.700000000000003
1.3999999999999986
3.700000000000003
2.700000000000003
3.0
7.399999999999999
13.200000000000003
4.899999999999999
6.799999999999997
10.100000000000001
6.0
2.6000000000000014
0.0
4.0
12.200000000000003
3.6000000000000014
2.200000000000003
7.0
5.700000000000003
5.100000000000001
1.8999999999999986
5.700000000000003
3.3999999999999986
3.700000000000003
7.600000000000001
5.700000000000003
9.299999999999997
0.20000000000000284
7.799999999999997
5.899999999999999
3.1000000000000014
5.100000000000001
0.5
9.200000000000003
1.0
0.0
9.399999999999999
4.899999999999999
11.200000000000003
0.7999999999999972
8.399999999999999
0.0
2.6000000000000014
7.399999999999999
6.399999999999999
5.600000000000001
9.399999999999999
6.700000000000003
5.600000000000001
6.200000000000003
1.6000000000000014
13.399999999999999
10.200000000000003
0.7999999999999972
4.5
1.6000000000000014
2.700000000000003
8.100000000000001
0.29999999999999716
3.0
6.299999999999997
8.600000000000001
0.20000000000000284
12.100000000000001
2.0
3.700000000000003
2.1000000000000014
16.299999999999997
5.0
8.600000000000001
4.299999999999997
4.100000000000001
8.700000000000003
7.299999999999997
7.600000000000001
7.600000000000001
2.6000000000000014
5.299999999999997
8.200000000000003
0.10000000000000142
3.200000000000003
0.6000000000000014
10.799999999999997
6.299999999999997
2.6000000000000014
1.2000000000000028
1.2000000000000028
10.600000000000001
13.399999999999999
4.0
8.200000000000003
3.799999999999997
4.5
3.200000000000003
4.600000000000001
11.5
3.299999999999997
1.1000000000000014
1.7999999999999972
7.799999999999997
1.6000000000000014
9.100000000000001
14.700000000000003
12.399999999999999
2.799999999999997
4.0
7.299999999999997
12.100000000000001
1.6000000000000014
4.0
9.0
4.799999999999997
0.5
0.7999999999999972
2.5
2.3999999999999986
7.100000000000001
2.799999999999997
6.899999999999999
9.299999999999997
3.799999999999997
15.799999999999997
11.700000000000003
8.299999999999997
11.0
0.5
5.0
2.5
1.5
6.100000000000001
10.700000000000003
0.7000000000000028
11.799999999999997
2.799999999999997
9.200000000000003
8.0
6.100000000000001
1.0
12.5
4.200000000000003
0.7000000000000028
0.6000000000000014
5.5
1.2000000000000028
6.0
10.299999999999997
4.600000000000001
3.799999999999997
13.700000000000003
5.100000000000001
1.1000000000000014
0.6000000000000014
5.299999999999997
6.100000000000001
3.8999999999999986
3.799999999999997
4.700000000000003
12.399999999999999
3.1000000000000014
4.399999999999999
1.8999999999999986
5.5
3.3999999999999986
0.8999999999999986
5.799999999999997
6.799999999999997
2.799999999999997
11.600000000000001
3.8999999999999986
5.200000000000003
11.200000000000003
6.399999999999999
2.6000000000000014
7.5
8.399999999999999
0.20000000000000284
4.0
3.6000000000000014
0.10000000000000142
7.0
8.899999999999999
11.0
5.100000000000001
10.399999999999999
4.200000000000003
8.700000000000003
2.3999999999999986
7.100000000000001
2.700000000000003
1.3999999999999986
4.600000000000001
7.799999999999997
3.0
0.10000000000000142
9.100000000000001
12.200000000000003
1.1000000000000014
1.0
4.700000000000003
6.399999999999999
0.7000000000000028
3.3999999999999986
9.299999999999997
4.799999999999997
0.3999999999999986
0.6000000000000014
1.1000000000000014
2.1000000000000014
0.29999999999999716
2.200000000000003
3.200000000000003
8.5
5.100000000000001
8.5
7.700000000000003
5.700000000000003
2.6000000000000014
15.5
9.0
5.700000000000003
1.7000000000000028
4.200000000000003
0.10000000000000142
1.1000000000000014
0.7000000000000028
0.10000000000000142
0.29999999999999716
1.2000000000000028
3.8999999999999986
0.7000000000000028
1.5
7.100000000000001
2.3999999999999986
10.0
5.100000000000001
4.899999999999999
2.700000000000003
12.399999999999999
11.200000000000003
7.600000000000001
11.899999999999999
7.399999999999999
6.700000000000003
8.5
5.399999999999999
6.200000000000003
5.5
2.1000000000000014
0.20000000000000284
3.3999999999999986
14.600000000000001
4.799999999999997
6.799999999999997
0.3999999999999986
6.899999999999999
10.399999999999999
7.399999999999999
4.5
2.299999999999997
7.0
1.6000000000000014
15.700000000000003
5.100000000000001
3.1000000000000014
3.5
2.700000000000003
2.200000000000003
5.5
5.399999999999999
6.600000000000001
1.1000000000000014
11.0
2.299999999999997
1.1000000000000014
13.799999999999997
0.3999999999999986
3.700000000000003
8.799999999999997
2.299999999999997
1.6000000000000014
6.799999999999997
5.200000000000003
1.7000000000000028
9.200000000000003
12.0
1.0
7.5
4.100000000000001
3.3999999999999986
3.5
8.5
6.600000000000001
11.399999999999999
9.5
4.200000000000003
7.299999999999997
9.299999999999997
5.799999999999997
4.100000000000001
2.700000000000003
10.299999999999997
5.0
3.299999999999997
2.200000000000003
5.399999999999999
9.200000000000003
3.6000000000000014
16.5
7.0
6.700000000000003
2.5
1.2999999999999972
6.899999999999999
6.200000000000003
5.5
0.8999999999999986
6.600000000000001
5.700000000000003
3.1000000000000014
3.3999999999999986
2.3999999999999986
4.399999999999999
4.700000000000003
7.200000000000003
13.0
0.8999999999999986
11.399999999999999
4.0
6.0
7.200000000000003
3.299999999999997
1.1000000000000014
3.5
5.899999999999999
1.7000000000000028
2.5
1.2000000000000028
3.0
11.200000000000003
11.5
8.100000000000001
0.6000000000000014
4.399999999999999
0.20000000000000284
11.700000000000003
4.299999999999997
3.799999999999997
0.8999999999999986
1.3999999999999986
2.8999999999999986
6.299999999999997
1.7999999999999972
10.5
5.5
6.700000000000003
2.3999999999999986
3.799999999999997
9.100000000000001
6.0
8.5
7.100000000000001
2.700000000000003
0.7000000000000028
6.200000000000003
2.3999999999999986
3.0
11.5
11.100000000000001
3.8999999999999986
7.399999999999999
10.100000000000001
7.899999999999999
3.0
1.5
8.0
6.200000000000003
3.799999999999997
2.5
16.799999999999997
4.600000000000001
0.20000000000000284
5.399999999999999
9.5
2.5
1.6000000000000014
8.0
1.7000000000000028
2.8999999999999986
6.200000000000003
5.200000000000003
1.7999999999999972
7.399999999999999
10.799999999999997
13.0
7.100000000000001
16.0
3.8999999999999986
7.5
1.0
8.600000000000001
6.299999999999997
12.799999999999997
3.6000000000000014
5.100000000000001
3.200000000000003
1.3999999999999986
3.200000000000003
10.5
2.8999999999999986
0.6000000000000014
3.8999999999999986
7.5
0.0
4.200000000000003
7.299999999999997
0.6000000000000014
1.6000000000000014
6.399999999999999
3.8999999999999986
7.5
7.100000000000001
13.600000000000001
6.299999999999997
12.299999999999997
12.600000000000001
4.399999999999999
0.6000000000000014
6.700000000000003
13.700000000000003
7.399999999999999
5.200000000000003
10.299999999999997
11.399999999999999
3.200000000000003
3.8999999999999986
3.5
5.100000000000001
5.799999999999997
5.200000000000003
6.0
10.399999999999999
2.8999999999999986
0.20000000000000284
1.5
3.0
2.0
2.8999999999999986
5.100000000000001
6.899999999999999
12.5
3.8999999999999986
8.700000000000003
6.700000000000003
12.5
2.3999999999999986
4.200000000000003
0.8999999999999986
2.299999999999997
1.7000000000000028
1.5
5.0
7.0
6.299999999999997
5.899999999999999
4.600000000000001
1.7999999999999972
8.600000000000001
11.200000000000003
9.899999999999999
3.200000000000003
6.5
6.0
7.299999999999997
2.8999999999999986
5.0
12.299999999999997
8.100000000000001
6.299999999999997
8.5
5.700000000000003
1.6000000000000014
5.399999999999999
3.799999999999997
5.100000000000001
11.399999999999999
3.799999999999997
14.200000000000003
8.200000000000003
3.5
1.3999999999999986
3.8999999999999986
7.899999999999999
1.5
2.299999999999997
1.2000000000000028
6.299999999999997
1.0
7.600000000000001
9.0
6.200000000000003
5.399999999999999
8.899999999999999
1.0
3.0
10.100000000000001
7.299999999999997
1.6000000000000014
15.0
8.200000000000003
1.3999999999999986
0.8999999999999986
4.600000000000001
4.0
1.3999999999999986
3.700000000000003
2.200000000000003
0.8999999999999986
6.0
4.100000000000001
8.700000000000003
8.600000000000001
1.0
8.899999999999999
8.100000000000001
1.1000000000000014
10.299999999999997
8.799999999999997
11.299999999999997
3.3999999999999986
5.200000000000003
12.200000000000003
1.5
10.200000000000003
6.200000000000003
5.0
3.200000000000003
2.5
7.399999999999999
6.100000000000001
0.3999999999999986
6.600000000000001
11.799999999999997
2.299999999999997
2.0
10.5
7.200000000000003
4.100000000000001
14.600000000000001
10.0
4.299999999999997
0.5
7.899999999999999
6.600000000000001
11.200000000000003
4.399999999999999
13.600000000000001
13.200000000000003
0.6000000000000014
6.200000000000003
13.600000000000001
5.200000000000003
0.7999999999999972
0.29999999999999716
1.1000000000000014
2.3999999999999986
7.600000000000001
2.700000000000003
0.7999999999999972
1.2000000000000028
2.200000000000003
4.600000000000001
7.100000000000001
1.0
10.399999999999999
2.8999999999999986
8.0
3.1000000000000014
2.799999999999997
11.600000000000001
0.3999999999999986
0.6000000000000014
4.299999999999997
12.200000000000003
5.600000000000001
2.3999999999999986
4.5
1.2999999999999972
1.2999999999999972
7.100000000000001
2.8999999999999986
1.0
8.100000000000001
14.600000000000001
3.8999999999999986
10.299999999999997
4.399999999999999
7.700000000000003
3.1000000000000014
0.10000000000000142
4.0
13.200000000000003
0.5
7.600000000000001
9.200000000000003
0.6000000000000014
8.200000000000003
7.0
0.6000000000000014
11.600000000000001
8.200000000000003
1.6000000000000014
4.0
8.100000000000001
2.299999999999997
7.700000000000003
6.5
7.299999999999997
1.2000000000000028
8.5
7.100000000000001
1.1000000000000014
0.5
13.299999999999997
1.5
5.399999999999999
1.6000000000000014
21.299999999999997
4.799999999999997
10.899999999999999
2.799999999999997
10.200000000000003
2.799999999999997
8.399999999999999
10.700000000000003
11.200000000000003
5.700000000000003
0.29999999999999716
3.8999999999999986
13.799999999999997
4.799999999999997
1.2999999999999972
7.399999999999999
3.799999999999997
10.0
8.5
2.5
0.20000000000000284
7.700000000000003
1.0
6.5
7.200000000000003
6.799999999999997
5.600000000000001
9.799999999999997
1.3999999999999986
0.7000000000000028
2.3999999999999986
6.299999999999997
5.600000000000001
5.100000000000001
10.0
11.899999999999999
5.799999999999997
1.2999999999999972
3.299999999999997
4.100000000000001
13.299999999999997
8.899999999999999
5.799999999999997
6.399999999999999
2.5
12.200000000000003
3.700000000000003
4.0
0.7999999999999972
3.799999999999997
8.299999999999997
6.100000000000001
3.700000000000003
2.1000000000000014
5.299999999999997
2.6000000000000014
3.299999999999997
7.600000000000001
13.0
0.7999999999999972
5.600000000000001
0.10000000000000142
9.100000000000001
0.20000000000000284
4.899999999999999
1.7000000000000028
11.600000000000001
17.0
10.799999999999997
0.3999999999999986
0.8999999999999986
3.299999999999997
0.3999999999999986
11.799999999999997
8.299999999999997
6.5
7.899999999999999
8.799999999999997
4.700000000000003
1.7000000000000028
2.5
4.100000000000001
7.100000000000001
14.100000000000001
5.399999999999999
0.7999999999999972
14.299999999999997
5.5
5.100000000000001
1.7999999999999972
0.20000000000000284
1.7000000000000028
2.1000000000000014
3.1000000000000014
0.29999999999999716
6.200000000000003
3.700000000000003
6.799999999999997
4.799999999999997
3.0
10.399999999999999
6.899999999999999
3.799999999999997
5.600000000000001
1.5
2.3999999999999986
4.299999999999997
5.0
1.0
6.100000000000001
6.700000000000003
7.5
9.899999999999999
0.20000000000000284
1.1000000000000014
8.399999999999999
4.5
6.0
10.0
5.299999999999997
0.7000000000000028
12.600000000000001
1.0
12.0
12.100000000000001
1.8999999999999986
1.6000000000000014
9.0
2.3999999999999986
2.8999999999999986
8.0
10.299999999999997
6.200000000000003
9.0
15.0
7.799999999999997
10.200000000000003
9.799999999999997
0.3999999999999986
7.399999999999999
1.3999999999999986
2.299999999999997
6.799999999999997
7.799999999999997
1.2000000000000028
3.700000000000003
2.299999999999997
16.0
7.0
5.399999999999999
3.3999999999999986
7.899999999999999
3.1000000000000014
4.700000000000003
7.399999999999999
3.8999999999999986
1.0
8.5
12.799999999999997
3.8999999999999986
3.299999999999997
11.600000000000001
10.799999999999997
9.100000000000001
1.7000000000000028
10.600000000000001
5.200000000000003
3.1000000000000014
0.0
8.700000000000003
3.8999999999999986
9.200000000000003
9.700000000000003
0.3999999999999986
9.700000000000003
9.799999999999997
10.600000000000001
11.799999999999997
4.799999999999997
5.899999999999999
9.299999999999997
5.200000000000003
3.799999999999997
0.20000000000000284
4.600000000000001
5.100000000000001
1.0
6.299999999999997
13.700000000000003
1.2999999999999972
5.299999999999997
6.0
8.399999999999999
6.100000000000001
1.1000000000000014
1.7000000000000028
0.20000000000000284
9.399999999999999
7.399999999999999
1.5
6.0
9.799999999999997
7.899999999999999
0.6000000000000014
2.799999999999997
5.100000000000001
4.5
8.200000000000003
3.799999999999997
8.799999999999997
2.8999999999999986
6.299999999999997
10.799999999999997
0.20000000000000284
6.5
3.0
8.0
4.5
5.700000000000003
4.899999999999999
6.399999999999999
8.700000000000003
4.899999999999999
4.0
2.700000000000003
2.700000000000003
0.29999999999999716
1.7000000000000028
6.100000000000001
12.399999999999999
1.1000000000000014
5.100000000000001
0.7000000000000028
4.600000000000001
1.8999999999999986
5.0
13.100000000000001
6.600000000000001
7.0
2.6000000000000014
3.3999999999999986
2.8999999999999986
6.200000000000003
3.299999999999997
10.0
3.700000000000003
4.799999999999997
9.799999999999997
5.299999999999997
6.0
11.200000000000003
5.700000000000003
6.5
3.8999999999999986
2.6000000000000014
8.200000000000003
8.899999999999999
1.7000000000000028
9.700000000000003
8.5
10.299999999999997
6.700000000000003
4.799999999999997
6.700000000000003
2.0
2.1000000000000014
2.5
5.299999999999997
0.6000000000000014
1.3999999999999986
4.200000000000003
1.6000000000000014
8.899999999999999
3.299999999999997
3.299999999999997
5.899999999999999
8.5
11.700000000000003
2.0
7.0
4.5
0.8999999999999986
7.600000000000001
4.700000000000003
2.8999999999999986
4.899999999999999
9.600000000000001
0.6000000000000014
5.399999999999999
8.600000000000001
4.5
1.7000000000000028
3.799999999999997
5.0
3.299999999999997
8.5
3.8999999999999986
1.0
14.399999999999999
6.700000000000003
9.600000000000001
3.5
4.399999999999999
4.299999999999997
1.2000000000000028
6.799999999999997
1.5
0.6000000000000014
4.899999999999999
11.700000000000003
6.399999999999999
5.100000000000001
0.10000000000000142
0.3999999999999986
2.0
3.700000000000003
2.8999999999999986
11.600000000000001
0.8999999999999986
0.0
5.200000000000003
3.299999999999997
5.799999999999997
4.700000000000003
3.3999999999999986
6.0
1.1000000000000014
3.0
4.799999999999997
5.5
7.600000000000001
0.7000000000000028
4.799999999999997
6.799999999999997
1.6000000000000014
8.700000000000003
1.2999999999999972
1.0
7.799999999999997
11.600000000000001
10.100000000000001
8.799999999999997
1.5
3.299999999999997
2.8999999999999986
0.6000000000000014
3.799999999999997
4.600000000000001
5.200000000000003
5.200000000000003
0.20000000000000284
8.299999999999997
3.700000000000003
1.6000000000000014
2.1000000000000014
1.7000000000000028
2.8999999999999986
5.299999999999997
2.1000000000000014
8.200000000000003
3.3999999999999986
4.5
1.8999999999999986
14.700000000000003
5.5
2.0
6.5
9.200000000000003
2.5
5.700000000000003
0.8999999999999986
0.7999999999999972
4.200000000000003
2.200000000000003
2.700000000000003
7.700000000000003
7.100000000000001
5.100000000000001
7.5
0.7999999999999972
5.299999999999997
4.399999999999999
2.5
2.0
9.399999999999999
1.2000000000000028
12.700000000000003
0.6000000000000014
4.600000000000001
8.100000000000001
0.3999999999999986
9.799999999999997
8.0
3.5
1.3999999999999986
1.0
3.6000000000000014
3.1000000000000014
5.799999999999997
1.5
1.7000000000000028
8.600000000000001
0.6000000000000014
8.200000000000003
2.0
0.29999999999999716
2.5
0.7000000000000028
4.399999999999999
5.399999999999999
1.1000000000000014
6.600000000000001
10.700000000000003
2.8999999999999986
8.399999999999999
4.200000000000003
4.700000000000003
4.700000000000003
3.0
7.799999999999997
9.600000000000001
0.0
6.200000000000003
0.7999999999999972
8.899999999999999
1.7999999999999972
3.3999999999999986
0.20000000000000284
7.299999999999997
6.299999999999997
0.29999999999999716
0.5
8.700000000000003
9.700000000000003
2.299999999999997
8.100000000000001
1.6000000000000014
3.6000000000000014
3.3999999999999986
5.100000000000001
6.700000000000003
3.1000000000000014
11.0
10.5
3.6000000000000014
0.8999999999999986
0.3999999999999986
5.5
8.5
4.200000000000003
5.100000000000001
1.5
6.5
4.700000000000003
8.700000000000003
2.1000000000000014
3.3999999999999986
5.899999999999999
10.100000000000001
9.799999999999997
1.6000000000000014
7.799999999999997
7.799999999999997
4.5
2.0
12.899999999999999
2.8999999999999986
0.20000000000000284
4.5
1.5
0.10000000000000142
7.600000000000001
4.5
4.399999999999999
6.799999999999997
3.6000000000000014
3.700000000000003
6.100000000000001
4.299999999999997
5.0
2.5
4.200000000000003
1.2999999999999972
2.1000000000000014
5.5
2.0
1.8999999999999986
1.2000000000000028
2.0
7.899999999999999
1.7999999999999972
4.600000000000001
6.399999999999999
3.3999999999999986
1.8999999999999986
10.100000000000001
3.799999999999997
9.100000000000001
1.7999999999999972
3.700000000000003
1.2000000000000028
6.0
4.100000000000001
6.5
2.8999999999999986
2.799999999999997
9.799999999999997
2.299999999999997
3.5
3.799999999999997
1.0
2.299999999999997
13.100000000000001
9.299999999999997
8.5
5.799999999999997
7.0
8.399999999999999
1.6000000000000014
4.200000000000003
4.0
3.299999999999997
2.3999999999999986
5.700000000000003
3.3999999999999986
0.0
2.0
7.600000000000001
4.700000000000003
7.600000000000001
3.299999999999997
2.6000000000000014
0.8999999999999986
4.299999999999997
7.0
3.5
4.399999999999999
7.0
2.3999999999999986
0.10000000000000142
4.200000000000003
10.0
5.399999999999999
1.7999999999999972
7.399999999999999
0.0
2.200000000000003
9.299999999999997
4.600000000000001
8.600000000000001
0.10000000000000142
6.899999999999999
11.100000000000001
16.799999999999997
0.7999999999999972
2.1000000000000014
2.6000000000000014
0.6000000000000014
4.700000000000003
2.799999999999997
6.600000000000001
0.29999999999999716
0.6000000000000014
3.700000000000003
2.1000000000000014
3.3999999999999986
11.600000000000001
4.799999999999997
4.899999999999999
2.5
2.1000000000000014
5.100000000000001
7.700000000000003
9.700000000000003
7.100000000000001
2.799999999999997
14.0
2.6000000000000014
7.100000000000001
10.600000000000001
0.7999999999999972
10.899999999999999
7.799999999999997
7.299999999999997
2.6000000000000014
8.600000000000001
0.3999999999999986
1.3999999999999986
3.8999999999999986
9.299999999999997
7.299999999999997
2.3999999999999986
2.0
5.600000000000001
4.899999999999999
0.20000000000000284
11.100000000000001
7.299999999999997
3.0
7.299999999999997
2.200000000000003
11.200000000000003
7.399999999999999
11.899999999999999
6.0
5.299999999999997
11.700000000000003
1.1000000000000014
6.799999999999997
6.299999999999997
7.5
0.8999999999999986
3.200000000000003
0.8999999999999986
0.20000000000000284
9.299999999999997
10.299999999999997
5.0
3.6000000000000014
0.10000000000000142
6.600000000000001
3.1000000000000014
3.1000000000000014
7.700000000000003
1.8999999999999986
6.299999999999997
1.0
5.399999999999999
3.799999999999997
11.100000000000001
11.200000000000003
7.700000000000003
3.700000000000003
7.100000000000001
1.3999999999999986
1.1000000000000014
4.5
4.899999999999999
2.799999999999997
13.100000000000001
4.299999999999997
11.5
6.100000000000001
8.600000000000001
2.6000000000000014
3.299999999999997
1.7999999999999972
1.8999999999999986
8.200000000000003
3.3999999999999986
0.29999999999999716
4.100000000000001
5.899999999999999
3.3999999999999986
6.299999999999997
0.20000000000000284
2.8999999999999986
6.399999999999999
5.100000000000001
4.399999999999999
2.5
2.6000000000000014
1.2999999999999972
4.5
9.100000000000001
5.100000000000001
5.5
0.8999999999999986
2.0
1.2000000000000028
12.0
7.600000000000001
3.3999999999999986
2.299999999999997
1.8999999999999986
2.0
5.100000000000001
12.299999999999997
7.100000000000001
11.100000000000001
11.100000000000001
6.0
4.299999999999997
11.299999999999997
6.700000000000003
1.3999999999999986
9.299999999999997
1.1000000000000014
6.700000000000003
4.200000000000003
2.8999999999999986
9.299999999999997
9.299999999999997
3.0
7.5
4.799999999999997
1.7999999999999972
4.700000000000003
6.5
1.6000000000000014
0.8999999999999986
6.700000000000003
7.700000000000003
5.899999999999999
5.399999999999999
0.0
10.100000000000001
3.1000000000000014
13.100000000000001
3.200000000000003
5.100000000000001
2.799999999999997
0.5
10.700000000000003
1.2999999999999972
1.3999999999999986
0.7000000000000028
0.20000000000000284
11.799999999999997
0.7000000000000028
3.5
5.600000000000001
2.6000000000000014
7.100000000000001
13.799999999999997
14.0
1.7000000000000028
0.29999999999999716
7.799999999999997
6.0
12.799999999999997
0.20000000000000284
0.6000000000000014
4.899999999999999
1.0
7.100000000000001
7.0
13.899999999999999
13.600000000000001
1.0
3.700000000000003
8.399999999999999
9.399999999999999
4.799999999999997
7.200000000000003
0.8999999999999986
5.5
9.700000000000003
3.1000000000000014
4.200000000000003
1.7000000000000028
7.399999999999999
4.600000000000001
7.200000000000003
9.399999999999999
7.0
0.5
6.200000000000003
0.0
3.0
1.0
13.100000000000001
4.700000000000003
12.299999999999997
4.5
10.299999999999997
1.7000000000000028
8.600000000000001
7.899999999999999
8.5
7.399999999999999
3.799999999999997
2.1000000000000014
0.0
6.799999999999997
5.5
2.799999999999997
0.3999999999999986
5.600000000000001
0.7999999999999972
7.200000000000003
3.700000000000003
3.8999999999999986
4.0
1.2000000000000028
1.7000000000000028
3.8999999999999986
6.0
5.399999999999999
10.799999999999997
4.5
3.3999999999999986
4.899999999999999
5.700000000000003
1.7000000000000028
1.7000000000000028
2.700000000000003
4.799999999999997
10.0
10.0
0.7000000000000028
9.299999999999997
0.7000000000000028
0.8999999999999986
10.200000000000003
2.799999999999997
2.6000000000000014
2.200000000000003
5.399999999999999
8.5
10.399999999999999
0.29999999999999716
4.0
3.3999999999999986
2.0
3.5
5.5
0.5
9.799999999999997
2.700000000000003
10.200000000000003
0.10000000000000142
3.299999999999997
2.5
0.6000000000000014
6.5
6.5
0.7000000000000028
8.299999999999997
6.700000000000003
5.299999999999997
2.8999999999999986
4.600000000000001
4.399999999999999
2.8999999999999986
5.5
5.200000000000003
11.5
5.399999999999999
1.7000000000000028
8.0
1.3999999999999986
5.600000000000001
0.8999999999999986
1.1000000000000014
5.5
6.700000000000003
5.799999999999997
4.899999999999999
3.299999999999997
7.100000000000001
3.700000000000003
3.5
4.899999999999999
5.799999999999997
3.1000000000000014
3.200000000000003
4.100000000000001
1.7999999999999972
5.100000000000001
1.1000000000000014
1.0
1.1000000000000014
3.5
6.5
2.799999999999997
4.200000000000003
3.3999999999999986
2.799999999999997
5.100000000000001
6.399999999999999
7.0
4.0
2.5
7.0
8.200000000000003
2.200000000000003
0.8999999999999986
5.399999999999999
8.200000000000003
0.5
2.299999999999997
3.200000000000003
3.8999999999999986
0.5
8.200000000000003
0.29999999999999716
7.5
3.0
2.299999999999997
2.3999999999999986
7.100000000000001
0.3999999999999986
6.0
4.200000000000003
9.0
3.299999999999997
5.5
9.399999999999999
5.899999999999999
1.7000000000000028
1.6000000000000014
0.20000000000000284
3.6000000000000014
4.799999999999997
5.600000000000001
2.700000000000003
0.0
4.899999999999999
0.29999999999999716
7.5
4.5
3.700000000000003
4.100000000000001
2.700000000000003
3.3999999999999986
6.799999999999997
2.5
1.2999999999999972
4.700000000000003
7.100000000000001
2.299999999999997
11.0
1.3999999999999986
2.700000000000003
7.100000000000001
0.10000000000000142
3.1000000000000014
2.700000000000003
1.6000000000000014
0.7999999999999972
1.2999999999999972
1.0
5.5
5.5
0.7999999999999972
3.200000000000003
4.799999999999997
3.3999999999999986
1.1000000000000014
6.700000000000003
1.8999999999999986
0.3999999999999986
4.100000000000001
4.799999999999997
1.7000000000000028
0.7999999999999972
0.29999999999999716
8.100000000000001
2.6000000000000014
6.5
7.5
1.2999999999999972
9.200000000000003
3.0
4.0
2.0
1.8999999999999986
2.299999999999997
0.20000000000000284
3.6000000000000014
7.5
1.2999999999999972
1.7999999999999972
6.299999999999997
9.700000000000003
3.299999999999997
3.5
1.1000000000000014
2.8999999999999986
2.5
2.799999999999997
4.700000000000003
2.3999999999999986
3.799999999999997
0.7999999999999972
3.8999999999999986
0.29999999999999716
1.7999999999999972
0.6000000000000014
4.100000000000001
3.3999999999999986
3.8999999999999986
6.799999999999997
5.5
3.8999999999999986
7.299999999999997
5.299999999999997
2.8999999999999986
10.299999999999997
7.700000000000003
7.299999999999997
2.200000000000003
1.1000000000000014
2.5
0.5
0.10000000000000142
10.299999999999997
3.3999999999999986
3.3999999999999986
1.7999999999999972
1.7000000000000028
1.8999999999999986
7.399999999999999
4.200000000000003
0.5
3.1000000000000014
2.1000000000000014
13.0
3.1000000000000014
3.700000000000003
7.299999999999997
7.200000000000003
11.100000000000001
3.5
1.0
4.399999999999999
10.5
5.5
1.7999999999999972
2.299999999999997
5.200000000000003
5.899999999999999
8.299999999999997
4.399999999999999
3.5
4.600000000000001
11.200000000000003
4.200000000000003
4.0
4.299999999999997
8.0
4.200000000000003
7.299999999999997
0.3999999999999986
0.6000000000000014
2.799999999999997
1.3999999999999986
2.8999999999999986
11.0
5.5
2.799999999999997
3.3999999999999986
12.899999999999999
1.7999999999999972
2.200000000000003
2.8999999999999986
0.29999999999999716
2.5
0.6000000000000014
2.1000000000000014
1.1000000000000014
8.399999999999999
3.5
1.3999999999999986
4.100000000000001
4.799999999999997
1.2999999999999972
2.299999999999997
2.700000000000003
4.899999999999999
1.7999999999999972
10.299999999999997
3.0
1.3999999999999986
6.600000000000001
4.399999999999999
12.299999999999997
6.0
1.0
3.299999999999997
5.100000000000001
2.6000000000000014
1.0
0.0
3.3999999999999986
8.0
4.399999999999999
6.399999999999999
7.600000000000001
3.5
0.20000000000000284
9.0
0.3999999999999986
7.799999999999997
5.399999999999999
3.799999999999997
4.399999999999999
6.299999999999997
12.899999999999999
6.100000000000001
4.200000000000003
3.299999999999997
2.700000000000003
5.600000000000001
0.29999999999999716
1.5
3.3999999999999986
0.10000000000000142
3.1000000000000014
3.799999999999997
4.799999999999997
4.100000000000001
0.6000000000000014
4.899999999999999
2.200000000000003
7.899999999999999
0.7999999999999972
7.899999999999999
8.299999999999997
6.299999999999997
2.3999999999999986
3.5
4.700000000000003
10.799999999999997
4.5
4.100000000000001
7.799999999999997
7.0
3.200000000000003
1.5
8.399999999999999
3.1000000000000014
1.5
2.799999999999997
2.799999999999997
0.8999999999999986
5.5
1.8999999999999986
5.299999999999997
6.299999999999997
2.8999999999999986
11.299999999999997
3.6000000000000014
2.200000000000003
7.299999999999997
1.2000000000000028
6.899999999999999
6.100000000000001
0.5
2.5
1.0
8.600000000000001
3.6000000000000014
4.799999999999997
0.10000000000000142
2.1000000000000014
0.5
4.299999999999997
2.799999999999997
5.200000000000003
2.799999999999997
1.7999999999999972
8.200000000000003
0.7000000000000028
0.7000000000000028
1.3999999999999986
5.299999999999997
6.299999999999997
5.899999999999999
1.5
1.2000000000000028
7.200000000000003
3.299999999999997
8.399999999999999
2.6000000000000014
6.200000000000003
3.6000000000000014
6.700000000000003
6.299999999999997
6.299999999999997
6.899999999999999
0.10000000000000142
5.899999999999999
1.3999999999999986
1.7999999999999972
3.200000000000003
8.600000000000001
6.299999999999997
6.100000000000001
6.700000000000003
0.3999999999999986
0.3999999999999986
0.29999999999999716
0.20000000000000284
0.7000000000000028
3.0
2.799999999999997
1.5
4.0
3.1000000000000014
0.5
3.200000000000003
1.1000000000000014
2.3999999999999986
1.1000000000000014
12.799999999999997
0.3999999999999986
9.899999999999999
5.100000000000001
2.3999999999999986
6.600000000000001
4.700000000000003
1.3999999999999986
1.2999999999999972
5.899999999999999
6.0
1.6000000000000014
1.1000000000000014
0.20000000000000284
2.200000000000003
11.799999999999997
0.20000000000000284
10.700000000000003
1.1000000000000014
0.7000000000000028
3.700000000000003
10.899999999999999
6.0
11.799999999999997
5.399999999999999
11.100000000000001
5.0
1.6000000000000014
2.200000000000003
2.5
4.799999999999997
5.0
3.6000000000000014
14.399999999999999
2.700000000000003
0.8999999999999986
6.100000000000001
5.299999999999997
8.700000000000003
2.1000000000000014
3.3999999999999986
4.100000000000001
7.299999999999997
4.600000000000001
4.799999999999997
3.8999999999999986
7.799999999999997
3.799999999999997
0.3999999999999986
6.200000000000003
9.399999999999999
6.899999999999999
0.8999999999999986
0.29999999999999716
0.8999999999999986
10.100000000000001
7.5
11.799999999999997
4.899999999999999
11.5
7.200000000000003
1.1000000000000014
1.2999999999999972
4.299999999999997
0.5
5.600000000000001
6.399999999999999
2.1000000000000014
5.799999999999997
3.1000000000000014
0.3999999999999986
5.899999999999999
0.20000000000000284
4.899999999999999
1.6000000000000014
1.1000000000000014
4.100000000000001
9.799999999999997
1.7999999999999972
3.3999999999999986
0.7000000000000028
8.299999999999997
7.600000000000001
5.200000000000003
5.899999999999999
8.600000000000001
4.899999999999999
3.0
4.299999999999997
7.600000000000001
13.5
7.5
8.299999999999997
3.8999999999999986
8.0
1.0
12.799999999999997
0.7999999999999972
9.5
0.0
0.8999999999999986
3.200000000000003
3.6000000000000014
1.3999999999999986
8.0
2.8999999999999986
2.299999999999997
7.799999999999997
8.100000000000001
1.3999999999999986
7.399999999999999
1.6000000000000014
5.5
6.799999999999997
9.100000000000001
0.8999999999999986
4.0
1.7999999999999972
4.600000000000001
1.7999999999999972
1.7000000000000028
4.0
4.5
4.299999999999997
3.299999999999997
6.700000000000003
2.799999999999997
5.700000000000003
5.799999999999997
6.700000000000003
1.7000000000000028
9.5
5.200000000000003
4.100000000000001
5.299999999999997
0.5
8.100000000000001
3.200000000000003
16.4
1.8999999999999986
6.200000000000003
2.1000000000000014
1.2999999999999972
4.299999999999997
8.899999999999999
5.299999999999997
2.299999999999997
1.8999999999999986
0.29999999999999716
6.299999999999997
3.3999999999999986
3.299999999999997
1.6000000000000014
1.6000000000000014
3.799999999999997
6.600000000000001
3.8999999999999986
12.299999999999997
4.899999999999999
0.3999999999999986
3.5
5.899999999999999
6.700000000000003
5.700000000000003
6.200000000000003
7.600000000000001
2.8999999999999986
7.200000000000003
10.299999999999997
3.6000000000000014
2.6000000000000014
0.7000000000000028
7.100000000000001
1.2999999999999972
1.5
5.799999999999997
4.299999999999997
0.29999999999999716
7.899999999999999
11.899999999999999
6.399999999999999
7.5
1.2000000000000028
10.799999999999997
7.200000000000003
3.299999999999997
2.3999999999999986
0.29999999999999716
0.5
4.5
6.0
8.600000000000001
4.899999999999999
1.2999999999999972
3.5
5.100000000000001
2.3999999999999986
6.200000000000003
3.6000000000000014
2.0
2.3999999999999986
7.700000000000003
5.0
0.29999999999999716
5.899999999999999
1.0
1.6000000000000014
3.0
9.899999999999999
2.799999999999997
1.7000000000000028
0.7000000000000028
6.5
1.8999999999999986
0.5
5.899999999999999
5.899999999999999
10.5
3.6000000000000014
5.299999999999997
3.200000000000003
1.1000000000000014
2.0
1.8999999999999986
3.299999999999997
2.799999999999997
2.1000000000000014
2.299999999999997
7.600000000000001
0.8999999999999986
1.8999999999999986
6.200000000000003
2.299999999999997
8.0
3.5
8.399999999999999
3.6000000000000014
2.8999999999999986
7.200000000000003
4.399999999999999
0.20000000000000284
0.7000000000000028
1.5
14.100000000000001
5.5
0.3999999999999986
5.5
1.0
11.700000000000003
1.6000000000000014
4.5
1.2000000000000028
13.399999999999999
9.100000000000001
1.1000000000000014
4.399999999999999
0.10000000000000142
2.200000000000003
4.700000000000003
0.8999999999999986
2.6000000000000014
3.3999999999999986
6.200000000000003
4.299999999999997
2.5
7.899999999999999
4.5
1.2000000000000028
5.0
5.5
1.1000000000000014
10.5
6.5
1.1000000000000014
4.799999999999997
6.100000000000001
1.7999999999999972
5.799999999999997
0.3999999999999986
2.8999999999999986
4.700000000000003
1.2000000000000028
0.20000000000000284
6.799999999999997
0.20000000000000284
0.3999999999999986
0.7000000000000028
0.0
7.799999999999997
2.8999999999999986
3.299999999999997
1.1000000000000014
0.6000000000000014
6.5
1.2999999999999972
6.399999999999999
9.200000000000003
0.29999999999999716
0.10000000000000142
1.7000000000000028
3.700000000000003
3.700000000000003
2.8999999999999986
1.2999999999999972
4.600000000000001
2.700000000000003
7.0
11.399999999999999
0.3999999999999986
7.299999999999997
1.6000000000000014
2.1000000000000014
7.899999999999999
2.8999999999999986
2.200000000000003
4.200000000000003
3.6000000000000014
10.200000000000003
3.6000000000000014
2.1000000000000014
1.1000000000000014
3.1000000000000014
9.600000000000001
1.3999999999999986
11.100000000000001
7.799999999999997
11.600000000000001
0.7000000000000028
6.299999999999997
7.399999999999999
9.700000000000003
0.7000000000000028
3.200000000000003
3.299999999999997
5.700000000000003
14.5
1.2000000000000028
1.7999999999999972
4.5
5.299999999999997
6.200000000000003
5.899999999999999
4.5
4.700000000000003
0.3999999999999986
7.399999999999999
3.6000000000000014
1.2999999999999972
5.200000000000003
1.7999999999999972
7.399999999999999
3.0
1.8999999999999986
7.899999999999999
2.200000000000003
4.899999999999999
4.700000000000003
3.799999999999997
10.200000000000003
1.7000000000000028
3.6000000000000014
1.8999999999999986
4.200000000000003
1.5
8.299999999999997
1.1000000000000014
5.0
14.100000000000001
9.0
4.299999999999997
3.3999999999999986
3.6000000000000014
4.399999999999999
1.2000000000000028
2.0
0.3999999999999986
5.200000000000003
1.0
6.100000000000001
6.600000000000001
0.0
5.600000000000001
0.5
9.100000000000001
2.5
4.5
4.600000000000001
2.299999999999997
6.0
3.6000000000000014
2.5
5.700000000000003
6.899999999999999
5.200000000000003
1.6000000000000014
4.700000000000003
5.700000000000003
5.200000000000003
4.899999999999999
0.7000000000000028
5.700000000000003
1.7000000000000028
1.2000000000000028
3.700000000000003
1.2000000000000028
4.5
7.899999999999999
4.899999999999999
4.0
0.6000000000000014
3.299999999999997
2.700000000000003
1.6000000000000014
1.2999999999999972
10.5
1.2000000000000028
4.299999999999997
3.8999999999999986
8.299999999999997
1.0
5.899999999999999
3.299999999999997
2.8999999999999986
8.600000000000001
6.5
3.700000000000003
5.399999999999999
7.200000000000003
5.0
9.200000000000003
13.5
1.1000000000000014
0.20000000000000284
0.10000000000000142
11.899999999999999
7.5
3.3999999999999986
2.6000000000000014
1.0
5.700000000000003
1.7000000000000028
1.6000000000000014
7.899999999999999
7.700000000000003
14.100000000000001
7.399999999999999
6.100000000000001
4.200000000000003
3.6000000000000014
2.5
0.0
0.6000000000000014
2.299999999999997
14.100000000000001
2.5
3.5
0.3999999999999986
4.600000000000001
4.799999999999997
4.100000000000001
2.200000000000003
0.7000000000000028
2.3999999999999986
2.700000000000003
1.3999999999999986
0.5
0.20000000000000284
5.200000000000003
3.0
5.0
1.0
8.399999999999999
5.700000000000003
4.399999999999999
4.299999999999997
4.899999999999999
1.2999999999999972
5.399999999999999
1.2999999999999972
2.200000000000003
4.799999999999997
2.3999999999999986
1.0
1.7999999999999972
3.5
2.3999999999999986
3.1000000000000014
6.200000000000003
5.200000000000003
2.299999999999997
7.299999999999997
5.5
5.899999999999999
4.299999999999997
5.5
6.399999999999999
8.100000000000001
3.299999999999997
1.3999999999999986
0.6000000000000014
3.8999999999999986
2.799999999999997
0.7999999999999972
1.3999999999999986
4.600000000000001
5.100000000000001
3.5
2.1000000000000014
0.3999999999999986
10.299999999999997
2.700000000000003
0.6000000000000014
1.7999999999999972
1.2000000000000028
4.200000000000003
2.1000000000000014
4.299999999999997
7.0
3.299999999999997
5.299999999999997
5.399999999999999
0.6000000000000014
6.200000000000003
7.100000000000001
4.799999999999997
1.3999999999999986
7.5
8.0
5.5
7.899999999999999
11.399999999999999
7.600000000000001
6.100000000000001
7.299999999999997
1.5
0.5
4.5
7.5
9.299999999999997
5.299999999999997
7.799999999999997
5.399999999999999
6.600000000000001
5.399999999999999
6.399999999999999
1.3999999999999986
4.799999999999997
2.299999999999997
8.700000000000003
7.600000000000001
7.200000000000003
1.1000000000000014
3.8999999999999986
0.29999999999999716
4.700000000000003
4.399999999999999
6.799999999999997
0.7000000000000028
2.1000000000000014
5.299999999999997
3.0
0.10000000000000142
1.3999999999999986
5.600000000000001
6.399999999999999
2.1000000000000014
0.7999999999999972
5.899999999999999
3.0
4.5
3.8999999999999986
2.799999999999997
6.399999999999999
1.6000000000000014
5.399999999999999
2.799999999999997
0.20000000000000284
5.899999999999999
2.6000000000000014
5.5
3.299999999999997
5.200000000000003
5.0
6.700000000000003
5.200000000000003
0.5
6.600000000000001
1.0
1.0
3.3999999999999986
3.200000000000003
2.1000000000000014
10.100000000000001
2.6000000000000014
5.100000000000001
4.899999999999999
5.899999999999999
7.700000000000003
6.399999999999999
3.3999999999999986
1.5
3.3999999999999986
6.899999999999999
3.1000000000000014
3.6000000000000014
3.0
1.2999999999999972
7.5
3.5
3.3999999999999986
2.3999999999999986
2.3999999999999986
2.3999999999999986
2.5
2.6000000000000014
6.600000000000001
4.600000000000001
2.8999999999999986
1.2000000000000028
1.0
5.0
2.299999999999997
9.600000000000001
3.8999999999999986
2.3999999999999986
5.700000000000003
0.7999999999999972
0.7999999999999972
7.0
6.0
3.200000000000003
0.3999999999999986
4.0
4.700000000000003
4.0
9.5
8.100000000000001
3.700000000000003
4.899999999999999
0.7999999999999972
2.700000000000003
10.700000000000003
0.5
3.799999999999997
0.0
1.2000000000000028
4.299999999999997
0.20000000000000284
2.1000000000000014
0.5
3.0
2.5
9.299999999999997
6.200000000000003
3.3999999999999986
8.600000000000001
6.399999999999999
9.0
3.3999999999999986
1.8999999999999986
5.399999999999999
0.20000000000000284
0.7999999999999972
5.399999999999999
7.600000000000001
1.3999999999999986
1.2000000000000028
0.10000000000000142
0.6000000000000014
3.200000000000003
0.3999999999999986
2.200000000000003
8.5
0.8999999999999986
6.5
9.0
1.7999999999999972
8.200000000000003
0.10000000000000142
6.200000000000003
4.899999999999999
0.10000000000000142
0.29999999999999716
2.3999999999999986
5.700000000000003
2.8999999999999986
2.6000000000000014
6.299999999999997
2.299999999999997
3.8999999999999986
1.2999999999999972
0.7999999999999972
4.600000000000001
5.5
10.899999999999999
9.5
0.8999999999999986
1.1000000000000014
6.100000000000001
3.5
4.0
1.3999999999999986
0.5
6.299999999999997
4.5
7.299999999999997
3.700000000000003
5.600000000000001
7.299999999999997
2.6000000000000014
0.20000000000000284
5.399999999999999
3.700000000000003
0.0
4.100000000000001
8.899999999999999
3.5
1.2000000000000028
5.0
2.200000000000003
1.2999999999999972
1.0
11.200000000000003
8.200000000000003
5.200000000000003
3.299999999999997
4.299999999999997
3.5
1.7999999999999972
2.0
8.799999999999997
10.200000000000003
3.299999999999997
5.799999999999997
10.200000000000003
4.700000000000003
4.0
0.0
8.5
6.299999999999997
5.100000000000001
4.5
3.6000000000000014
3.6000000000000014
4.399999999999999
10.100000000000001
2.6000000000000014
6.299999999999997
0.3999999999999986
6.200000000000003
0.20000000000000284
3.6000000000000014
3.299999999999997
6.799999999999997
1.1000000000000014
7.700000000000003
8.5
2.1000000000000014
4.899999999999999
2.700000000000003
18.3
9.100000000000001
14.200000000000003
4.399999999999999
0.7999999999999972
5.0
1.8999999999999986
1.2999999999999972
6.799999999999997
3.700000000000003
7.600000000000001
3.5
4.899999999999999
7.100000000000001
5.299999999999997
4.799999999999997
0.29999999999999716
0.8999999999999986
1.6000000000000014
3.299999999999997
1.5
2.6000000000000014
1.5
10.700000000000003
3.8999999999999986
10.799999999999997
1.0
3.5
9.299999999999997
4.5
1.0
5.200000000000003
2.700000000000003
0.3999999999999986
9.700000000000003
1.5
3.6000000000000014
4.0
3.8999999999999986
1.0
7.700000000000003
8.299999999999997
3.8999999999999986
6.5
6.200000000000003
0.29999999999999716
0.20000000000000284
1.2000000000000028
1.7999999999999972
2.3999999999999986
4.0
10.100000000000001
7.399999999999999
2.1000000000000014
3.5
1.3999999999999986
9.600000000000001
8.700000000000003
2.0
0.29999999999999716
3.0
8.0
2.1000000000000014
5.5
2.200000000000003
11.5
1.8999999999999986
5.600000000000001
0.7999999999999972
8.5
1.7999999999999972
8.0
0.10000000000000142
0.10000000000000142
2.5
5.299999999999997
4.299999999999997
1.2000000000000028
0.20000000000000284
1.7999999999999972
3.3999999999999986
7.700000000000003
11.399999999999999
0.0
8.600000000000001
1.2000000000000028
0.10000000000000142
4.600000000000001
5.799999999999997
5.399999999999999
3.700000000000003
9.600000000000001
0.3999999999999986
2.8999999999999986
3.5
4.5
1.7999999999999972
5.600000000000001
5.899999999999999
12.100000000000001
1.7000000000000028
1.1000000000000014
6.0
0.5
3.5
1.5
3.5
4.700000000000003
0.20000000000000284
9.899999999999999
4.200000000000003
14.799999999999997
6.700000000000003
12.600000000000001
1.5
7.100000000000001
4.399999999999999
2.0
3.799999999999997
5.299999999999997
2.200000000000003
4.100000000000001
2.299999999999997
0.3999999999999986
3.5
7.100000000000001
15.600000000000001
0.8999999999999986
3.3999999999999986
0.10000000000000142
1.3999999999999986
2.8999999999999986
0.10000000000000142
8.299999999999997
4.200000000000003
2.299999999999997
15.799999999999997
3.799999999999997
4.399999999999999
2.8999999999999986
0.29999999999999716
4.600000000000001
5.700000000000003
0.29999999999999716
0.10000000000000142
1.6000000000000014
0.7999999999999972
9.799999999999997
4.799999999999997
1.2000000000000028
3.8999999999999986
6.100000000000001
8.100000000000001
9.600000000000001
5.700000000000003
1.8999999999999986
2.6000000000000014
7.399999999999999
6.0
1.1000000000000014
1.2999999999999972
9.600000000000001
1.7999999999999972
6.200000000000003
10.700000000000003
0.10000000000000142
5.299999999999997
5.799999999999997
2.6000000000000014
8.299999999999997
3.200000000000003
0.7999999999999972
8.200000000000003
4.799999999999997
10.0
3.5
1.5
7.399999999999999
1.1000000000000014
5.200000000000003
3.8999999999999986
2.5
2.299999999999997
2.0
2.799999999999997
8.600000000000001
13.299999999999997
3.299999999999997
5.799999999999997
1.0
1.6000000000000014
6.100000000000001
7.299999999999997
5.600000000000001
9.600000000000001
2.6000000000000014
1.1000000000000014
5.100000000000001
7.0
3.0
4.0
6.700000000000003
10.299999999999997
10.0
1.3999999999999986
10.0
5.299999999999997
9.600000000000001
7.600000000000001
1.0
0.29999999999999716
4.700000000000003
1.7999999999999972
2.700000000000003
2.6000000000000014
2.1000000000000014
1.5
0.5
1.0
7.299999999999997
8.5
2.299999999999997
5.5
12.399999999999999
2.5
4.799999999999997
8.700000000000003
2.5
9.200000000000003
4.700000000000003
11.299999999999997
0.7999999999999972
3.8999999999999986
11.0
2.1000000000000014
2.3999999999999986
0.5
9.399999999999999
4.799999999999997
5.0
2.700000000000003
12.600000000000001
3.799999999999997
7.200000000000003
2.8999999999999986
7.0
0.8999999999999986
0.7999999999999972
0.29999999999999716
2.700000000000003
4.100000000000001
2.8999999999999986
1.8999999999999986
4.700000000000003
8.100000000000001
6.399999999999999
0.6000000000000014
4.399999999999999
3.6000000000000014
1.8999999999999986
0.3999999999999986
5.100000000000001
7.200000000000003
2.5
1.7000000000000028
3.299999999999997
2.299999999999997
5.799999999999997
6.0
6.799999999999997
0.10000000000000142
0.3999999999999986
7.399999999999999
4.100000000000001
